3,2
3,1
3,3
10,114
10,240
10,302
10,204
10,93
10,76
10,142
10,219
11,30
11,27
11,4
11,7
145,3
9,7
9,2
9,3
145,2
145,1
145,0
144,3
144,2
144,1
144,0
143,3
8,12
143,2
143,1
143,0
142,4
142,3
8,16
142,2
142,1
142,0
141,4
141,3
8,18
8,11
141,2
0,494
141,1
141,0
140,3
140,2
140,1
140,0
138,3
138,2
138,1
138,0
120,3
120,2
120,1
120,0
119,3
119,2
119,1
119,0
118,4
118,3
118,2
118,1
118,0
117,4
117,3
117,2
117,1
117,0
97,3
97,2
97,1
88,3
88,1
87,3
87,1
86,3
86,1
85,3
85,1
84,3
84,1
83,4
83,1
82,4
82,3
82,1
81,3
81,1
20,3
20,2
20,1
19,3
19,2
19,1
12,3
12,2
12,1
11,29
11,28
11,24
11,23
11,19
11,18
11,17
11,15
11,14
11,11
